$ created by lblrtm_start1
    1    1    5    0    1    0    0    0    0    1    0    0    0    0    5    5    0    0
 2.977e+03 2.995e+03         4 0.000e+00 0.000e+00 0.000e+00 2.000e-04 1.000e-03    0                    
 0.000e+00 0.000e+00 0.000e+00 0.000e+00 0.000e+00 0.000e+00 0.000e+00    s
    0    3    0    0    0    6    0 0  0 0.000e+00 1.200e+02 4.715e+03          -2.463e+01
 2.635e+00 0.000e+00 4.726e+01 0.000e+00 0.000e+00    0      0.000e+00
 2.000e+00 5.000e+00 8.000e+00 0.000e+00 0.000e+00
   50                        
 2.000e+00 8.030e+02 2.850e+02     AA   AAAAAA
 1.312e+03 0.000e+00 2.708e-02 0.000e+00 0.000e+00 1.768e+00
 2.500e+00 7.566e+02 2.850e+02     AA   AAAAAA
 1.312e+03 0.000e+00 2.903e-02 0.000e+00 0.000e+00 1.768e+00
 3.000e+00 7.124e+02 2.822e+02     AA   AAAAAA
 1.231e+03 0.000e+00 3.098e-02 0.000e+00 0.000e+00 1.768e+00
 3.500e+00 6.702e+02 2.781e+02     AA   AAAAAA
 1.085e+03 0.000e+00 3.253e-02 0.000e+00 0.000e+00 1.767e+00
 4.000e+00 6.298e+02 2.740e+02     AA   AAAAAA
 9.120e+02 0.000e+00 3.407e-02 0.000e+00 0.000e+00 1.767e+00
 4.500e+00 5.913e+02 2.702e+02     AA   AAAAAA
 6.600e+02 0.000e+00 3.534e-02 0.000e+00 0.000e+00 1.767e+00
 5.000e+00 5.546e+02 2.672e+02     AA   AAAAAA
 1.657e+02 0.000e+00 3.660e-02 0.000e+00 0.000e+00 1.767e+00
 5.500e+00 5.205e+02 2.645e+02     AA   AAAAAA
 4.879e+01 0.000e+00 3.764e-02 0.000e+00 0.000e+00 1.767e+00
 6.000e+00 4.877e+02 2.616e+02     AA   AAAAAA
 3.303e+01 0.000e+00 3.867e-02 0.000e+00 0.000e+00 1.768e+00
 6.500e+00 4.566e+02 2.583e+02     AA   AAAAAA
 8.256e+01 0.000e+00 3.927e-02 0.000e+00 0.000e+00 1.768e+00
 7.000e+00 4.275e+02 2.551e+02     AA   AAAAAA
 1.534e+02 0.000e+00 3.988e-02 0.000e+00 0.000e+00 1.768e+00
 7.500e+00 3.992e+02 2.518e+02     AA   AAAAAA
 2.271e+02 0.000e+00 4.022e-02 0.000e+00 0.000e+00 1.768e+00
 8.000e+00 3.734e+02 2.485e+02     AA   AAAAAA
 2.192e+02 0.000e+00 4.057e-02 0.000e+00 0.000e+00 1.768e+00
 8.500e+00 3.480e+02 2.451e+02     AA   AAAAAA
 2.188e+02 0.000e+00 4.070e-02 0.000e+00 0.000e+00 1.769e+00
 9.000e+00 3.250e+02 2.412e+02     AA   AAAAAA
 2.975e+02 0.000e+00 4.083e-02 0.000e+00 0.000e+00 1.769e+00
 9.500e+00 3.020e+02 2.372e+02     AA   AAAAAA
 3.761e+02 0.000e+00 4.091e-02 0.000e+00 0.000e+00 1.769e+00
 1.000e+01 2.816e+02 2.331e+02     AA   AAAAAA
 3.286e+02 0.000e+00 4.099e-02 0.000e+00 0.000e+00 1.769e+00
 1.100e+01 2.424e+02 2.252e+02     AA   AAAAAA
 2.110e+02 0.000e+00 4.117e-02 0.000e+00 0.000e+00 1.769e+00
 1.200e+01 2.078e+02 2.181e+02     AA   AAAAAA
 1.010e+02 0.000e+00 4.174e-02 0.000e+00 0.000e+00 1.769e+00
 1.300e+01 1.783e+02 2.128e+02     AA   AAAAAA
 4.381e+01 0.000e+00 4.288e-02 0.000e+00 0.000e+00 1.769e+00
 1.400e+01 1.501e+02 2.080e+02     AA   AAAAAA
 2.070e+00 0.000e+00 4.500e-02 0.000e+00 0.000e+00 1.766e+00
 1.500e+01 1.296e+02 2.062e+02     AA   AAAAAA
 1.109e+00 0.000e+00 4.924e-02 0.000e+00 0.000e+00 1.755e+00
 1.600e+01 1.090e+02 2.044e+02     AA   AAAAAA
 3.378e-01 0.000e+00 5.929e-02 0.000e+00 0.000e+00 1.743e+00
 1.700e+01 9.330e+01 2.048e+02     AA   AAAAAA
 0.000e+00 0.000e+00 9.420e-02 0.000e+00 0.000e+00 1.721e+00
 1.800e+01 8.137e+01 2.069e+02     AA   AAAAAA
 0.000e+00 0.000e+00 2.080e-01 0.000e+00 0.000e+00 1.680e+00
 2.000e+01 5.738e+01 2.103e+02     AA   AAAAAA
 7.098e-01 0.000e+00 7.715e-01 0.000e+00 0.000e+00 1.617e+00
 2.200e+01 4.224e+01 2.136e+02     AA   AAAAAA
 1.520e+00 0.000e+00 2.005e+00 0.000e+00 0.000e+00 1.574e+00
 2.400e+01 3.109e+01 2.172e+02     AA   AAAAAA
 2.353e+00 0.000e+00 3.975e+00 0.000e+00 0.000e+00 1.535e+00
 2.600e+01 2.212e+01 2.211e+02     AA   AAAAAA
 3.159e+00 0.000e+00 6.434e+00 0.000e+00 0.000e+00 1.476e+00
 3.048e+01 1.132e+01 2.310e+02     AA   AAAAAA
 4.299e+00 0.000e+00 9.644e+00 0.000e+00 0.000e+00 1.312e+00
 3.495e+01 5.980e+00 2.447e+02     AA   AAAAAA
 4.733e+00 0.000e+00 8.893e+00 0.000e+00 0.000e+00 1.081e+00
 3.943e+01 3.282e+00 2.564e+02     AA   AAAAAA
 5.187e+00 0.000e+00 6.851e+00 0.000e+00 0.000e+00 8.249e-01
 4.390e+01 1.841e+00 2.649e+02     AA   AAAAAA
 5.645e+00 0.000e+00 4.524e+00 0.000e+00 0.000e+00 5.846e-01
 4.838e+01 1.049e+00 2.680e+02     AA   AAAAAA
 5.998e+00 0.000e+00 2.943e+00 0.000e+00 0.000e+00 4.036e-01
 5.286e+01 5.964e-01 2.641e+02     AA   AAAAAA
 6.213e+00 0.000e+00 2.153e+00 0.000e+00 0.000e+00 2.875e-01
 5.733e+01 3.348e-01 2.534e+02     AA   AAAAAA
 6.203e+00 0.000e+00 1.673e+00 0.000e+00 0.000e+00 2.246e-01
 6.181e+01 1.821e-01 2.388e+02     AA   AAAAAA
 5.834e+00 0.000e+00 9.695e-01 0.000e+00 0.000e+00 1.805e-01
 6.629e+01 9.545e-02 2.234e+02     AA   AAAAAA
 5.227e+00 0.000e+00 4.810e-01 0.000e+00 0.000e+00 1.430e-01
 7.076e+01 4.800e-02 2.117e+02     AA   AAAAAA
 4.623e+00 0.000e+00 2.875e-01 0.000e+00 0.000e+00 1.116e-01
 7.524e+01 2.353e-02 2.073e+02     AA   AAAAAA
 3.996e+00 0.000e+00 2.015e-01 0.000e+00 0.000e+00 8.639e-02
 7.971e+01 1.147e-02 2.069e+02     AA   AAAAAA
 3.334e+00 0.000e+00 2.045e-01 0.000e+00 0.000e+00 6.670e-02
 8.419e+01 5.555e-03 2.023e+02     AA   AAAAAA
 2.841e+00 0.000e+00 3.236e-01 0.000e+00 0.000e+00 5.140e-02
 8.867e+01 2.619e-03 1.919e+02     AA   AAAAAA
 2.410e+00 0.000e+00 6.192e-01 0.000e+00 0.000e+00 3.921e-02
 9.314e+01 1.194e-03 1.871e+02     AA   AAAAAA
 2.031e+00 0.000e+00 8.378e-01 0.000e+00 0.000e+00 2.957e-02
 9.762e+01 5.444e-04 1.871e+02     AA   AAAAAA
 1.711e+00 0.000e+00 8.152e-01 0.000e+00 0.000e+00 2.228e-02
 1.021e+02 2.501e-04 1.892e+02     AA   AAAAAA
 1.445e+00 0.000e+00 5.204e-01 0.000e+00 0.000e+00 1.685e-02
 1.066e+02 1.203e-04 2.005e+02     AA   AAAAAA
 1.231e+00 0.000e+00 1.400e-01 0.000e+00 0.000e+00 1.294e-02
 1.110e+02 6.188e-05 2.360e+02     AA   AAAAAA
 1.066e+00 0.000e+00 2.886e-02 0.000e+00 0.000e+00 1.020e-02
 1.155e+02 3.679e-05 3.023e+02     AA   AAAAAA
 9.512e-01 0.000e+00 3.320e-03 0.000e+00 0.000e+00 8.457e-03
 1.200e+02 2.449e-05 3.707e+02     AA   AAAAAA
 8.706e-01 0.000e+00 4.152e-04 0.000e+00 0.000e+00 7.307e-03
-1
$ Transfer to ASCII plotting data
 HI=0 F4=0 CN=0 AE=0 EM=0 SC=0 FI=0 PL=1 TS=0 AM=0 MG=0 LA=0 MS=0 XS=0    0    0
# Plot title not used
2.9774e+032.9954e+031.0200e+011.0000e+00    1    0   12    0 1.000e+00 0  0    0
         0       1.2 7.020e+00 2.000e-01    4    0    1    0    0    0 1    3 28
-1
% created by lblrtm_start1
